center: [0.0, 0.0, 0.02275835424375606]
start: [0.3323359873035029, -0.10966997713857546, 1.4963845039432346]
finish: [-0.32436649413469554, 0.11103397996337165, 1.5800053412149915]
