start: [-0.33766511311456476, 0.08115153316775381, -1.567596676876857]
finish: [0.3382206142019189, -0.09856181809027488, -1.580180615577924]
center: [0.0, 0.0, 0.0]
